188820652288
10805476
48999123
654663706325
824870978081
73677166
4502870
64878747
321884999148
53033950
89757363
67333407
58912372
51878050
537721420250
67465063
5599996
5329927
57109699
866144294640
96930756643
67723095
40173023
66881788
348641644819
72917578
5831157
64187276
82554741
41743471
575865637092
15518672
74285232
58340532
35642973
802305539347
475925083125
898250766236
18824440
679967930547
57684780
49686532
79764662
84344821
96429507
62187798
482420283697
84632200
578428183348
71984934
files
848699020919
194998874181
777133046765
185716904946
330346520247
57813109
97137104
758668085951
8244803
35244417
93752132
820854740888
498151635961
index
778793779155
213968779900
243196949382
peler
527229535106
175667671030
3128529
77915284
18204554422
714872402209
25079234
849203271193
31098567722
8974351
107327064981
276897872018
529009248029
8613535
68727719352
786541039650
647407473964
80893795
20652467
96097330
16595784882
91259505
61576764
21554382
67798355
18780212
41777913925
763572520423
593721189456
756726706751
5249328
93931796
522561035302
28675804
37849653
238576629624
61325991
97141908
395947257955
843305658992
48551271
10520943
391012784771
99883093
15981066
880748
85975467
489847763458
738520809312
535000859563
7442323
86266436
741515288886
15633025
505596331031
642705236573
16533589
24635560
15794481
11307717
41006304
74204652699
52722054
62953342509
200
197796418327
saya
12175620
16147323112
admin
387096035536
588837749911
829515327073
243814470871
410893095185
8340522564
35944309
237511299587
83656502530
184103645917
665744480505
45212567
606005644882
151409864239
570521626908
819464062849
566188019525
45187472
37356506
41943112
65254659594
538555638275
63921984
80626829
38545429
87250101
63675046
13811472099
229535441955
76652587
9
784283501638
5425871245
669177072417
82120443326
187000505127
13919302
5290475
893563194539
700
115835330493
86450530
813977264495
190767127781
354464503792
328779433914
2161711
29695996
800
memek
15138371
397872918739
370495619613
11023658
23299341
29826417010
581411164033
621679811071
367306861299
412495028942
576267152519
715102676626
821561754961
352944003491
50596388266
5850028
50943003
31554073
706062351190
24862344
46847398
858805614978
122028991569
10727660
67470238
41672958
656802009421
2160644
55978767197
83023778
79735814
210333228075
566336934364
52673204
3115812
78731833
414423281769
84381953125
55349262
kimak
818306665114
166370494152
124180610862
281780710318
23829489
79983060
39615531
219922705344
473053755207
672698700628
38689807
15859574
766064560923
30255511
81088294
649991010394
95323529
83380991
633415195231
59279711
314553508504
88797137
866888331295
55251132
57984940
376777233354
772894717080
71105851
174235506757
85958431
67683943
55553892
818216565677
60375022
16089303528
85918216
26218530
71485908
45058589
j3mb0d
413563488413
661220342284
165412838235
3854064
87130537
45438413
577930946642
78443493
39899415
14096261152
47297380
54567144
shell
23119274
67806017
6713262
804810320522
848383425745
11772108
93181963
29138052
75388588
397718316032
287881815753
52221123
2
822068880838
11832384
85446042322
889423002964
53052461
782982022824
412520966582
126427165814
23795781
79473922
490466227977
692268287537
385748407634
79089451
830474204604
8646234
6
49283027
95390734
60852282
4214402
743891520450
53966290
322886540554
134171371985
58663924
684835130333
60488312
93130276
574540136586
748608729216
322605006163
459060614011
173699807746
0
21656253
8
13532237
14955760
78901326
49393611
50405326
734728492431
16646133911
124741976476
64148620
271009920039
625817829006
108979314323
559632111451
68201077
50033561767
864618925720
24783724
184344509693
77981827
1053058
270998993198
499825942992
18858710
510977113400
873627181235
259524455575
478276060421
650613708595
6288262
385258497536
28365262
99941114
72924817
9095342
78012846446
463189745226
3455998
26339650
660331359843
39166963
718271250550
875424593203
60210507
84991722
17959623
871659490410
727392203965
144494434512
86584955
14836125
678669885412
65421015
3
36069289
90379118
277225670324
77406865
129310795578
33324275
565532304393
303583398103
85528970
830311094037
18053541
90620259
52338912
82582259
84944577
434577464177
12960588
686804726759
89199885019
734142074005
63451288
48280514
52883862
60367817
244678614585
829576247251
891606470068
84740468
87032500
329186872884
86246056
106711823806
501061468859
58056271
339962
116181697069
538725363647
467922689267
596840802334
313559920572
63051463918
454322288408
246330567094
84408515775
41294257
70728641
77564076
10328458
474529518203
83978531
82606020
466841953199
823205783843
24496788
500
17359769256
55488510
715098275712
64769473
682180265139
78560559
787637604719
14837469
27600106
64608136756
518903026607
44708361
366504152958
53768849
53408665
511228553081
148860167853
47098257
47062628
91820222
92732888
56054710
502996979333
69173589
30724134
747996885920
743899807414
172143891787
80172786
274129126783
72336726
127743902909
200506292153
97523433785
888916805657
84808199077
454195365041
9255397
843006118178
658321045551
94874639
38537627
45591045
94768277
52432537
259451163486
771239415193
17173177
39301916
255918455792
182945703876
1901282
142652926290
815006440302
471818225439
1296518
42552571
23039357
30416657
15501363
373289573259
687008528028
6510819
76851547
618074026969
121873834710
64154822131
876749852292
763621632524
752260288595
2577370822
17155871
24532869
82753850680
653201028889
24472306
638105120258
14866695
319352173632
633418169384
100
333506923262
15684596
98550569343
22435917
293764985650
32147447
214978512450
7992597
25205728
82333962
25023385
665829243570
23563383
21778602
32158446
59900889
569709603129
63721351
60828867
45417543
67656855
300
840587103161
165745037218
577516337073
70379373
401426697252
106183004629
703268895298
232074151933
400
19970694839
4123544
24204572
9871691
49588212
157482129302
77927616
61939038
464877444439
11355359
126508844772
80926464
367957610820
279406618611
22473973
36631628
93472811
92191799
88101652
820670219061
110434786540
791781429271
108785652818
5550798
jembod
65181050
33836535837
258897091942
31853814
529389270303
23845537
69136845822
122516268809
362230129122
367991662763
794169275451
425546079875
88119183
765118612285
66776228
690613342421
4127303712
847972524943
14080902
12550626
12868763
88642241
143935523471
808938966614
5
21043660
47225200
753700176629
63565844
620517896661
55973000
153859892908
43854032
89467666796
38268278
4628199
97237517
92033288
443152438250
526273728763
20588718
8600362
238233608703
18348978
98904215
62000990
96404004
punya
697924026339
87750789708
625433947631
89801297
50851227
15861927
756462598815
43754661
142458877905
85489042
74221837
21844970
239249753652
205359054126
710429400150
98698271
808350697937
76376308
156255
335221934956
1000
392067308346
2139190
4283288
64594453
30956415
822365155085
106538596512
46586518
1422556
74588203
452177937394
82495146
820066483667
61327882
759485018199
514031032993
238565539908
92553515
292168407173
60048499
kontol
85474999
437398556159
45129025895
77296602
78775798
team
87079873
8202125
692628063842
39920366
334627125245
710301273765
81020958
843229984563
47681956
10237547
54939410
75208444
635301986644
461673280615
850261155261
56508994
53003543843
85363118475
29414026
85753335
8817679
14948514
81569600
835924174380
345184901781
20783714
23256445
822152544728
24714105
69552401
532000120300
600
68660220
454966143523
813193792997
837904264204
54675845
83309931
400990257654
640821008300
12760718
63211970
865937842933
505
600707787545
43538557
36809003
70863819
420348603982
442739244271
859889252322
28730937
730747153520
849731857605
794760150905
319987858074
370344612141
4786420
2180445866
73668795647
217026356597
57408172086
929197
45063188277
322150016871
643790935672
3697211
37516270
117497399930
14751330
260070526426
40225924
62694625
64213412148
274827337282
312444792737
556009317467
78283457
99415577
76459928
72888663
36277562
785463911488
418816012774
73239886
24818416
35828554
125656978059
20807898
335337849760
491648553276
27285492
365812585509
56625439
57003270
558704023435
804927506980
35109404
2648792
225981197259
6083870
878244799745
25039409
412899204976
524530981771
834081541106
824912428558
580767160053
62228871
748148650317
586342160742
522428757303
36208360
12468610
888249247619
637428465091
96222750
844195191239
82916890
222623564950
852148112557
16322415
admin15
13140326
63478825
85907450
18694951328
856720768835
82564426
40032425
29537509
79133951369
867163713929
589546557278
168158524338
710543663845
360571094503
508332084910
530876311499
335491658575
5361440
837665956069
89280289
350242582390
23173616
29325
876139070095
67604254
55239429
63843585
ajg
1743260
17706262570
95045790
32877236
81099512
12127109
12497613
435601716655
14079125
42152964765
678792055351
80194243
879892834358
32309709
591519565611
221373187176
823902226531
214885106567
20633323
849578209405
846495915204
3901465
864038761181
87204452
308794605682
jemb0d
89671395245
29264471
355168446439
39862586
43017615
884044781759
818285710315
228405063370
649360140364
66710358
4948230
338951809158
815914810795
545700
38667225
21078545
18994925
24965174271
823653666340
165804384135
45850659
60013406
220257403477
37683882
34775439
792110279671
45666685
97663893
33098963
49748199
90877116
365312665732
44717934
72799760
4
728731818882
383893397747
61585194
175063715350
407283134963
78600389
38773988
894168507309
62752258865
706327966348
70640090
22096069
84571307
72109393
889728782902
393377828374
44700578
634377694994
461294586614
633761004108
68716058
379383773512
853000538152
843855516286
620416141483
154559399929
backdoor
78512596
52266087
1
807489050876
30052621
58247744
45792007
174536997871
54472875
7
27303132
57005964
786922351331
572162344864
780553992541
95215864
47259960
68814887
11720971
696909743063
302298507100
41614511
4571309
36158614136
66849942
703145102520
368668690214
841883564740
7105170
792766807877
602647650931
309561805561
60249109
61545446
file
6891940
16258228
429913185495
93981515
1887239
474536769955
225030297227
410027241579
510119553391
27739874
33741338
320307267618
m3m3k
286288106789
66975472
331184445224
95832846
12482288
61801211
40941122393
66504264
404
login
94123869
1715562
4513482467
19182600
133178473137
21160303
280895656611
20939025
595901119514
76729334
553596769775
22807355
242034541185
54654111
837782404649
900
42037402
83852872
738846091142
594472608621
70681434
618063730089
277890737771
21527250
856149572685
506404518381
93394440
admin1
74457829
287537182650
222932455132
535460181419
742311476240
650902708291
115813083863
16125712
60488319
73114641
36756777
549117790395
76662338
60021887
73038024
90632734
87698859
284477772660
709576
41465817
718422099200
507475866874
619148022730
767887328021
649863816689
209824368273
501976043135
75116670
439936343014
85209696733
72993966490
268566964523
562381252564
20109804
115872813665
692215344588
5441024
61651631
76458730
34360877
91950041
348646789067
414842849361
53168484
nama
635707432428
586943267408
82728382
